Phylogenetic trait variance-covariance
                     CerebellarVol   SurfaceArea   CerebralVol         AbsGI FoldingLength FoldingNumber       Lambda         Delta
CerebellarVol         0.0075066073  5.998524e-03  0.0071341031  0.0089619021  5.608592e-03  5.533312e-03 -0.028661704  0.0273164307
SurfaceArea           0.0059985236  5.483362e-03  0.0063558684  0.0090653481  5.099060e-03  5.340018e-03 -0.029783596  0.0278087906
CerebralVol           0.0071341031  6.355868e-03  0.0074464268  0.0101959479  5.895443e-03  6.159816e-03 -0.031497641  0.0311981635
AbsGI                 0.0089619021  9.065348e-03  0.0101959479  0.0169251361  8.262005e-03  8.918714e-03 -0.050031731  0.0519964231
FoldingLength         0.0056085918  5.099060e-03  0.0058954434  0.0082620048  4.863159e-03  4.917203e-03 -0.033619108  0.0249148528
FoldingNumber         0.0055333124  5.340018e-03  0.0061598159  0.0089187145  4.917203e-03  5.803755e-03 -0.028929160  0.0286183392
Lambda               -0.0286617039 -2.978360e-02 -0.0314976409 -0.0500317308 -3.361911e-02 -2.892916e-02  0.526371325 -0.1421955775
Delta                 0.0273164307  2.780879e-02  0.0311981635  0.0519964231  2.491485e-02  2.861834e-02 -0.142195577  0.1668687694
CrusVol_1_3           0.0096305838  7.870931e-03  0.0093432338  0.0119717556  7.159983e-03  7.981452e-03 -0.030035256  0.0384645462
CerebroCerebellar     0.0072973187 -1.722498e-02 -0.0165232000 -0.0519986169 -1.358702e-02 -2.602192e-02  0.087745526 -0.1677613346
CerebellarCrus        0.0920825716  8.426797e-02  0.0989545738  0.1408484353  6.881038e-02  1.103964e-01 -0.030975059  0.5193944461
BrainVol              0.0055773136  5.240209e-03  0.0059814724  0.0090485760  4.961102e-03  4.852872e-03 -0.034655816  0.0268829175
CerebellumNormalized  0.0002585606  5.768193e-05  0.0001067427 -0.0001124533  3.970498e-05  7.023926e-05  0.001358468 -0.0001387603
CerebrumNormalized    0.0017744843  1.439551e-03  0.0018302954  0.0018223009  1.164178e-03  1.826015e-03  0.004087479  0.0069270434
CrusNormalized        0.0001444155  1.060078e-04  0.0001300682  0.0001475284  8.185554e-05  1.525215e-04  0.000300858  0.0006268765
                       CrusVol_1_3 CerebroCerebellar CerebellarCrus      BrainVol CerebellumNormalized CerebrumNormalized
CerebellarVol         0.0096305838      0.0072973187    0.092082572  5.577314e-03         2.585606e-04       1.774484e-03
SurfaceArea           0.0078709310     -0.0172249838    0.084267968  5.240209e-03         5.768193e-05       1.439551e-03
CerebralVol           0.0093432338     -0.0165232000    0.098954574  5.981472e-03         1.067427e-04       1.830295e-03
AbsGI                 0.0119717556     -0.0519986169    0.140848435  9.048576e-03        -1.124533e-04       1.822301e-03
FoldingLength         0.0071599833     -0.0135870243    0.068810384  4.961102e-03         3.970498e-05       1.164178e-03
FoldingNumber         0.0079814520     -0.0260219209    0.110396416  4.852872e-03         7.023926e-05       1.826015e-03
Lambda               -0.0300352563      0.0877455256   -0.030975059 -3.465582e-02         1.358468e-03       4.087479e-03
Delta                 0.0384645462     -0.1677613346    0.519394446  2.688292e-02        -1.387603e-04       6.927043e-03
CrusVol_1_3           0.0138097361      0.0021588808    0.181995464  6.990547e-03         4.208871e-04       2.977536e-03
CerebroCerebellar     0.0021588808      0.8730527621   -0.337278286 -1.678101e-02         5.146060e-03      -5.350951e-03
CerebellarCrus        0.1819954636     -0.3372782856    3.975627725  6.580113e-02         6.360817e-03       5.194985e-02
BrainVol              0.0069905473     -0.0167810146    0.065801134  5.848044e-03        -6.863287e-05       3.413054e-04
CerebellumNormalized  0.0004208871      0.0051460599    0.006360817 -6.863287e-05         6.011740e-05       1.848490e-04
CerebrumNormalized    0.0029775356     -0.0053509506    0.051949847  3.413054e-04         1.848490e-04       1.771020e-03
CrusNormalized        0.0002991837      0.0004263826    0.006740853  6.419574e-05         1.887980e-05       9.560009e-05
                     CrusNormalized
CerebellarVol          1.444155e-04
SurfaceArea            1.060078e-04
CerebralVol            1.300682e-04
AbsGI                  1.475284e-04
FoldingLength          8.185554e-05
FoldingNumber          1.525215e-04
Lambda                 3.008580e-04
Delta                  6.268765e-04
CrusVol_1_3            2.991837e-04
CerebroCerebellar      4.263826e-04
CerebellarCrus         6.740853e-03
BrainVol               6.419574e-05
CerebellumNormalized   1.887980e-05
CerebrumNormalized     9.560009e-05
CrusNormalized         1.311863e-05

Phenotypic trait variance-covariance
                     CerebellarVol   SurfaceArea   CerebralVol         AbsGI FoldingLength FoldingNumber        Lambda         Delta
CerebellarVol         2.564455e-03  9.427414e-04  1.063673e-03  1.967931e-03  9.079338e-04  8.801199e-04 -0.0056031845  0.0039848831
SurfaceArea           9.427414e-04  1.526134e-03  1.726179e-03  3.369967e-03  1.415573e-03  1.320203e-03 -0.0073209592  0.0075578172
CerebralVol           1.063673e-03  1.726179e-03  2.180051e-03  2.577221e-03  1.623902e-03  1.366118e-03 -0.0050016009  0.0060836809
AbsGI                 1.967931e-03  3.369967e-03  2.577221e-03  1.430025e-02  2.984598e-03  3.552981e-03 -0.0337576522  0.0306390716
FoldingLength         9.079338e-04  1.415573e-03  1.623902e-03  2.984598e-03  1.363620e-03  1.349541e-03 -0.0078106975  0.0057305820
FoldingNumber         8.801199e-04  1.320203e-03  1.366118e-03  3.552981e-03  1.349541e-03  1.947450e-03 -0.0130655255  0.0054984140
Lambda               -5.603184e-03 -7.320959e-03 -5.001601e-03 -3.375765e-02 -7.810697e-03 -1.306553e-02  0.1312357257 -0.0482170571
Delta                 3.984883e-03  7.557817e-03  6.083681e-03  3.063907e-02  5.730582e-03  5.498414e-03 -0.0482170571  0.0889370701
CrusVol_1_3           1.991111e-03  8.832707e-04  9.942591e-04  1.905399e-03  8.936868e-04  1.035907e-03 -0.0072961796  0.0034410580
CerebroCerebellar     5.981418e-02 -3.058410e-02 -4.329225e-02 -2.458233e-02 -2.761581e-02 -1.768943e-02 -0.0265149104 -0.0921937473
CerebellarCrus       -4.121386e-02 -4.955684e-03 -5.824280e-03 -6.070228e-03 -1.545122e-03  9.876451e-03 -0.1118493660 -0.0493024802
BrainVol              1.249579e-03  1.572113e-03  1.993117e-03  2.281239e-03  1.480545e-03  1.250907e-03 -0.0045586169  0.0054649482
CerebellumNormalized  4.496944e-04 -2.106331e-04 -3.093716e-04 -1.095575e-04 -1.897022e-04 -1.150193e-04 -0.0003676596 -0.0005550795
CerebrumNormalized   -3.697080e-04  3.040634e-04  3.689753e-04  5.849504e-04  2.834721e-04  2.282280e-04 -0.0008861214  0.0012085429
CrusNormalized        7.184963e-05 -6.742495e-05 -9.538064e-05 -4.926354e-05 -5.628384e-05 -1.885486e-05 -0.0002622744 -0.0002424778
                       CrusVol_1_3 CerebroCerebellar CerebellarCrus      BrainVol CerebellumNormalized CerebrumNormalized
CerebellarVol         0.0019911113       0.059814185   -0.041213858  1.249579e-03         4.496944e-04      -3.697080e-04
SurfaceArea           0.0008832707      -0.030584098   -0.004955684  1.572113e-03        -2.106331e-04       3.040634e-04
CerebralVol           0.0009942591      -0.043292253   -0.005824280  1.993117e-03        -3.093716e-04       3.689753e-04
AbsGI                 0.0019053988      -0.024582330   -0.006070228  2.281239e-03        -1.095575e-04       5.849504e-04
FoldingLength         0.0008936868      -0.027615806   -0.001545122  1.480545e-03        -1.897022e-04       2.834721e-04
FoldingNumber         0.0010359071      -0.017689431    0.009876451  1.250907e-03        -1.150193e-04       2.282280e-04
Lambda               -0.0072961796      -0.026514910   -0.111849366 -4.558617e-03        -3.676596e-04      -8.861214e-04
Delta                 0.0034410580      -0.092193747   -0.049302480  5.464948e-03        -5.550795e-04       1.208543e-03
CrusVol_1_3           0.0024335025       0.036728393    0.030248027  1.111152e-03         2.794807e-04      -2.332112e-04
CerebroCerebellar     0.0367283929       4.123968733   -1.624284510 -2.856211e-02         3.030717e-02      -2.915233e-02
CerebellarCrus        0.0302480270      -1.624284510    5.043256548 -1.068579e-02        -1.197485e-02       9.619668e-03
BrainVol              0.0011111515      -0.028562112   -0.010685787  1.868992e-03        -2.040210e-04       2.443734e-04
CerebellumNormalized  0.0002794807       0.030307168   -0.011974845 -2.040210e-04         2.237692e-04      -2.084820e-04
CerebrumNormalized   -0.0002332112      -0.029152325    0.009619668  2.443734e-04        -2.084820e-04       2.472265e-04
CrusNormalized        0.0001263491       0.006366407    0.003824297 -7.204365e-05         4.703843e-05      -4.620468e-05
                     CrusNormalized
CerebellarVol          7.184963e-05
SurfaceArea           -6.742495e-05
CerebralVol           -9.538064e-05
AbsGI                 -4.926354e-05
FoldingLength         -5.628384e-05
FoldingNumber         -1.885486e-05
Lambda                -2.622744e-04
Delta                 -2.424778e-04
CrusVol_1_3            1.263491e-04
CerebroCerebellar      6.366407e-03
CerebellarCrus         3.824297e-03
BrainVol              -7.204365e-05
CerebellumNormalized   4.703843e-05
CerebrumNormalized    -4.620468e-05
CrusNormalized         1.916490e-05

% variance explained by phylogeny
       CerebellarVol          SurfaceArea          CerebralVol                AbsGI        FoldingLength        FoldingNumber 
            99.41935             99.43814             99.43985             97.69303             99.41931             99.10100 
              Lambda                Delta          CrusVol_1_3    CerebroCerebellar       CerebellarCrus             BrainVol 
            98.49495             98.50395             99.62096             73.92308             91.16404             99.42560 
CerebellumNormalized   CerebrumNormalized       CrusNormalized 
            82.25127             98.47585             90.92266 
Brownian motion model
