Phylogenetic trait variance-covariance
              CerebellarVol   SurfaceArea  CerebralVol         AbsGI FoldingLength FoldingNumber        Lambda        Delta  CrusVol_1_3
CerebellarVol  4.995657e+07  6.583391e+07 3.206410e+08  735.56422516  4014412.7680  1.279503e+05 -1206.4513365 2715.9106958 1.416609e+07
SurfaceArea    6.583391e+07  8.675833e+07 4.226359e+08  963.37643139  5290946.2576  1.686928e+05 -1546.3116299 3542.6542854 1.867142e+07
CerebralVol    3.206410e+08  4.226359e+08 2.195877e+09 1881.27736143 25269921.0353  7.528334e+05 24151.7142482 6594.9182302 9.256761e+07
AbsGI          7.355642e+02  9.633764e+02 1.881277e+03    0.09823977       65.0980  1.886495e+00    -0.9862733    0.4288819 1.627155e+02
FoldingLength  4.014413e+06  5.290946e+06 2.526992e+07   65.09799660   325571.8964  1.060595e+04  -199.8436550  224.0773241 1.134591e+06
FoldingNumber  1.279503e+05  1.686928e+05 7.528334e+05    1.88649470    10605.9459  4.644052e+02     3.9491169    6.3296209 3.575451e+04
Lambda        -1.206451e+03 -1.546312e+03 2.415171e+04   -0.98627334     -199.8437  3.949117e+00    21.2597616   -4.3628793 1.300897e+02
Delta          2.715911e+03  3.542654e+03 6.594918e+03    0.42888193      224.0773  6.329621e+00    -4.3628793    2.1353310 5.598240e+02
CrusVol_1_3    1.416609e+07  1.867142e+07 9.256761e+07  162.71545006  1134591.3104  3.575451e+04   130.0897298  559.8240030 4.050633e+06

Phenotypic trait variance-covariance
              CerebellarVol   SurfaceArea   CerebralVol         AbsGI FoldingLength FoldingNumber        Lambda         Delta   CrusVol_1_3
CerebellarVol  6.092767e+07  58078490.229  317235104.03  440.63912123  3473039.4089  1.140285e+05 -1.403568e+03  9.343292e+02 18595635.0018
SurfaceArea    5.807849e+07 149830383.845  773735580.46 1275.24492322  8419146.4580  2.901867e+05 -3.150621e+03  3.049105e+03 17076311.2163
CerebralVol    3.172351e+08 773735580.463 4248528217.72 5271.39957391 43785157.4914  1.473121e+06 -1.211442e+04  1.302097e+04 87914539.8347
AbsGI          4.406391e+02      1275.245       5271.40    0.02313347       71.5483  2.864306e+00 -7.639085e-02  5.390124e-02      151.4549
FoldingLength  3.473039e+06   8419146.458   43785157.49   71.54829783   527419.8145  1.792959e+04 -2.507694e+02  1.227420e+02   967378.0688
FoldingNumber  1.140285e+05    290186.661    1473120.99    2.86430615    17929.5921  8.719373e+02 -1.014465e+01  5.573601e+00    43124.3859
Lambda        -1.403568e+03     -3150.621     -12114.42   -0.07639085     -250.7694 -1.014465e+01  4.274477e-01 -9.631200e-02     -536.0090
Delta          9.343292e+02      3049.105      13020.97    0.05390124      122.7420  5.573601e+00 -9.631200e-02  1.895597e-01      357.8726
CrusVol_1_3    1.859564e+07  17076311.216   87914539.83  151.45486248   967378.0688  4.312439e+04 -5.360090e+02  3.578726e+02 11251972.4175

% variance explained by phylogeny
CerebellarVol   SurfaceArea   CerebralVol         AbsGI FoldingLength FoldingNumber        Lambda         Delta   CrusVol_1_3 
     97.72377      97.07504      96.57793      96.59714      97.21998      95.71625      98.65613      97.58768      96.59577 
OU alpha = 0.06823222
Stationary covariance = 
              CerebellarVol   SurfaceArea  CerebralVol         AbsGI FoldingLength FoldingNumber        Lambda        Delta  CrusVol_1_3
CerebellarVol  3.660776e+08  4.824254e+08 2.349630e+09  5390.1530569  2.941728e+07  9.376090e+05  -8840.774384 19901.966189 1.038079e+08
SurfaceArea    4.824254e+08  6.357578e+08 3.097040e+09  7059.5418306  3.877161e+07  1.236167e+06 -11331.242159 25960.273995 1.368226e+08
CerebralVol    2.349630e+09  3.097040e+09 1.609121e+10 13785.8429947  1.851759e+08  5.516700e+06 176981.739909 48327.008632 6.783277e+08
AbsGI          5.390153e+03  7.059542e+03 1.378584e+04     0.7198928  4.770327e+02  1.382408e+01     -7.227328     3.142811 1.192365e+03
FoldingLength  2.941728e+07  3.877161e+07 1.851759e+08   477.0326687  2.385764e+06  7.771948e+04  -1464.437572  1642.019870 8.314190e+06
FoldingNumber  9.376090e+05  1.236167e+06 5.516700e+06    13.8240752  7.771948e+04  3.403122e+03     28.938798    46.382932 2.620061e+05
Lambda        -8.840774e+03 -1.133124e+04 1.769817e+05    -7.2273284 -1.464438e+03  2.893880e+01    155.789753   -31.970815 9.532866e+02
Delta          1.990197e+04  2.596027e+04 4.832701e+04     3.1428109  1.642020e+03  4.638293e+01    -31.970815    15.647526 4.102343e+03
CrusVol_1_3    1.038079e+08  1.368226e+08 6.783277e+08  1192.3651947  8.314190e+06  2.620061e+05    953.286648  4102.343423 2.968270e+07

