Phylogenetic trait variance-covariance
               SurfaceArea  CerebralVol        AbsGI FoldingLength FoldingNumber        Lambda        Delta
SurfaceArea   6.036628e+08 2.931427e+09 5.463206e+03 13510789.3409  9.699659e+05  1.380087e+05 2.321720e+04
CerebralVol   2.931427e+09 1.423521e+10 2.653081e+04 65608570.7340  4.710034e+06  6.701668e+05 1.127412e+05
AbsGI         5.463206e+03 2.653081e+04 1.208581e-01      115.2924  8.876581e+00  9.622871e-01 5.075918e-01
FoldingLength 1.351079e+07 6.560857e+07 1.152924e+02  1791065.9732  3.571335e+04 -6.141718e+03 1.260271e+02
FoldingNumber 9.699659e+05 4.710034e+06 8.876581e+00    35713.3453  1.769420e+03  1.400264e+02 3.775827e+01
Lambda        1.380087e+05 6.701668e+05 9.622871e-01    -6141.7176  1.400264e+02  1.139765e+02 6.743276e+00
Delta         2.321720e+04 1.127412e+05 5.075918e-01      126.0271  3.775827e+01  6.743276e+00 2.529642e+00

Phenotypic trait variance-covariance
                SurfaceArea   CerebralVol         AbsGI FoldingLength FoldingNumber       Lambda         Delta
SurfaceArea    1.442412e+08  8.502854e+08  276.14001454  8.859788e+06  2.679977e+05 -226.9687951  2.767348e+02
CerebralVol    8.502854e+08  5.367951e+09 -394.05647814  5.254693e+07  1.520481e+06 5206.5164259 -2.812003e+03
AbsGI          2.761400e+02 -3.940565e+02    0.01881987  1.680340e+01  1.280396e+00   -0.0677726  4.341153e-02
FoldingLength  8.859788e+06  5.254693e+07   16.80340355  5.671205e+05  1.797279e+04  -44.8027968 -2.001884e+00
FoldingNumber  2.679977e+05  1.520481e+06    1.28039611  1.797279e+04  8.237618e+02   -5.5500097  1.366236e+00
Lambda        -2.269688e+02  5.206516e+03   -0.06777260 -4.480280e+01 -5.550010e+00    0.3418583 -1.197851e-01
Delta          2.767348e+02 -2.812003e+03    0.04341153 -2.001884e+00  1.366236e+00   -0.1197851  1.341950e-01

% variance explained by phylogeny
  SurfaceArea   CerebralVol         AbsGI FoldingLength FoldingNumber        Lambda         Delta 
     97.18415      95.67627      97.23166      97.01072      95.95293      98.92522      98.29224 
OU alpha = 0.03667834
Stationary covariance = 
               SurfaceArea  CerebralVol        AbsGI FoldingLength FoldingNumber        Lambda        Delta
SurfaceArea   8.229144e+09 3.996128e+10 7.447454e+04 184179379.364  1.322260e+07 1881337.99911 3.164974e+05
CerebralVol   3.996128e+10 1.940546e+11 3.616686e+05 894377488.532  6.420729e+07 9135728.88358 1.536890e+06
AbsGI         7.447454e+04 3.616686e+05 1.647540e+00      1571.669  1.210058e+02      13.11792 6.919502e+00
FoldingLength 1.841794e+08 8.943775e+08 1.571669e+03  24415850.993  4.868451e+05  -83724.03045 1.718005e+03
FoldingNumber 1.322260e+07 6.420729e+07 1.210058e+02    486845.114  2.412077e+04    1908.84281 5.147216e+02
Lambda        1.881338e+06 9.135729e+06 1.311792e+01    -83724.030  1.908843e+03    1553.73059 9.192449e+01
Delta         3.164974e+05 1.536890e+06 6.919502e+00      1718.005  5.147216e+02      91.92449 3.448414e+01

