Phylogenetic trait variance-covariance
              CerebellarVol   SurfaceArea   CerebralVol        AbsGI FoldingLength FoldingNumber        Lambda         Delta   CrusVol_1_3
CerebellarVol  3.070877e+01  5.119625e+01   16236.10626  -0.05245041  2.669175e-01     6.5856921    -0.6639466   -0.26358189   10.98583346
SurfaceArea    5.119625e+01  8.680646e+01   27068.02330   0.01788424  4.711066e+03    11.4610609    -2.2612628   -0.12877590   18.02538985
CerebralVol    1.623611e+04  2.706802e+04 8584229.70492 -27.64710824 -5.810702e+01  3482.7351106  -351.6218240 -138.90235344 5808.16563235
AbsGI         -5.245041e-02  1.788424e-02     -27.64711   0.01826561  3.411299e+02     0.1103886    -0.1632385    0.07898856   -0.06143708
FoldingLength  2.669175e-01  4.711066e+03     -58.10702 341.12992627  1.525662e+07  1560.2875561 -3738.6550658 1006.16877763 -938.10693582
FoldingNumber  6.585692e+00  1.146106e+01    3482.73511   0.11038858  1.560288e+03     3.5280554    -0.9504458    0.56520607    2.27493747
Lambda        -6.639466e-01 -2.261263e+00    -351.62182  -0.16323850 -3.738655e+03    -0.9504458     1.6037283   -0.66154869    0.18871057
Delta         -2.635819e-01 -1.287759e-01    -138.90235   0.07898856  1.006169e+03     0.5652061    -0.6615487    0.38708960   -0.25050799
CrusVol_1_3    1.098583e+01  1.802539e+01    5808.16563  -0.06143708 -9.381069e+02     2.2749375     0.1887106   -0.25050799    5.08424116

Phenotypic trait variance-covariance
              CerebellarVol   SurfaceArea   CerebralVol         AbsGI FoldingLength FoldingNumber        Lambda         Delta   CrusVol_1_3
CerebellarVol  746705526.04  881825190.18  2.134697e+09  1.661682e+04  1.750751e+07 1455649.98954 -20069.980293  50615.595296 111138070.808
SurfaceArea    881825190.18 1194430799.64  3.193396e+09  2.123172e+04  2.762742e+07 2013125.98559 -26448.595156  63984.899250 133270843.273
CerebralVol   2134697352.64 3193395671.04  2.617885e+10 -2.431517e+04  1.002102e+08 6334536.12563 217662.458477 -17745.276822 281670616.900
AbsGI              16616.82      21231.72 -2.431517e+04  7.553338e-01  3.759831e+02      31.60595     -1.826665      2.016128      2732.731
FoldingLength   17507506.73   27627416.18  1.002102e+08  3.759831e+02  8.781167e+05   49368.99920   -426.098805   1117.123976   2664079.441
FoldingNumber    1455649.99    2013125.99  6.334536e+06  3.160595e+01  4.936900e+04    3745.44859    -32.044316     97.095909    226951.259
Lambda            -20069.98     -26448.60  2.176625e+05 -1.826665e+00 -4.260988e+02     -32.04432      5.761220     -4.450046     -3983.610
Delta              50615.60      63984.90 -1.774528e+04  2.016128e+00  1.117124e+03      97.09591     -4.450046      5.537511      8258.940
CrusVol_1_3    111138070.81  133270843.27  2.816706e+08  2.732731e+03  2.664079e+06  226951.25908  -3983.610195   8258.939760 116140283.669

% variance explained by phylogeny
CerebellarVol   SurfaceArea   CerebralVol         AbsGI FoldingLength FoldingNumber        Lambda         Delta   CrusVol_1_3 
     72.10348      76.68255      78.91367     -11.10713      95.37147      81.59894      81.88703      29.53002      64.86234 
mvOU alpha = 
              CerebellarVol SurfaceArea  CerebralVol      AbsGI FoldingLength FoldingNumber    Lambda      Delta CrusVol_1_3
CerebellarVol   0.007567093 0.000000000 0.000000e+00 0.00000000      0.000000  0.000000e+00 0.0000000 0.00000000 0.000000000
SurfaceArea     0.000000000 0.006616618 0.000000e+00 0.00000000      0.000000  0.000000e+00 0.0000000 0.00000000 0.000000000
CerebralVol     0.000000000 0.000000000 1.000786e-08 0.00000000      0.000000  0.000000e+00 0.0000000 0.00000000 0.000000000
AbsGI           0.000000000 0.000000000 0.000000e+00 0.09858834      0.000000  0.000000e+00 0.0000000 0.00000000 0.000000000
FoldingLength   0.000000000 0.000000000 0.000000e+00 0.00000000      3.414714  0.000000e+00 0.0000000 0.00000000 0.000000000
FoldingNumber   0.000000000 0.000000000 0.000000e+00 0.00000000      0.000000  1.002016e-08 0.0000000 0.00000000 0.000000000
Lambda          0.000000000 0.000000000 0.000000e+00 0.00000000      0.000000  0.000000e+00 0.0178309 0.00000000 0.000000000
Delta           0.000000000 0.000000000 0.000000e+00 0.00000000      0.000000  0.000000e+00 0.0000000 0.09594327 0.000000000
CrusVol_1_3     0.000000000 0.000000000 0.000000e+00 0.00000000      0.000000  0.000000e+00 0.0000000 0.00000000 0.007860977


Stationary covariance = 
              CerebellarVol   SurfaceArea   CerebralVol         AbsGI FoldingLength FoldingNumber        Lambda         Delta   CrusVol_1_3
CerebellarVol  2.029100e+03  3.609510e+03  2.145617e+06   -0.49409069  7.799405e-02  8.703055e+02    -26.141701    -2.5464300  7.120679e+02
SurfaceArea    3.609510e+03  6.559731e+03  4.090909e+06    0.16999426  1.376969e+03  1.732160e+03    -92.494595    -1.2556167  1.245054e+03
CerebralVol    2.145617e+06  4.090909e+06  4.288743e+14 -280.42976229 -1.701666e+01  1.738931e+11 -19719.796632 -1447.7549157  7.388596e+05
AbsGI         -4.940907e-01  1.699943e-01 -2.804298e+02    0.09263576  9.709667e+01  1.119692e+00     -1.402161     0.4060449 -5.771486e-01
FoldingLength  7.799405e-02  1.376969e+03 -1.701666e+01   97.09667032  2.233952e+06  4.569307e+02  -1089.178889   286.6041308 -2.740939e+02
FoldingNumber  8.703055e+02  1.732160e+03  1.738931e+11    1.11969187  4.569307e+02  1.760478e+08    -53.303286     5.8910439  2.893959e+02
Lambda        -2.614170e+01 -9.249459e+01 -1.971980e+04   -1.40216085 -1.089179e+03 -5.330329e+01     44.970492    -5.8145775  7.345147e+00
Delta         -2.546430e+00 -1.255617e+00 -1.447755e+03    0.40604486  2.866041e+02  5.891044e+00     -5.814577     2.0172838 -2.413273e+00
CrusVol_1_3    7.120679e+02  1.245054e+03  7.388596e+05   -0.57714863 -2.740939e+02  2.893959e+02      7.345147    -2.4132731  3.233848e+02

