Phylogenetic trait variance-covariance
                  CerebellarVol  SurfaceArea  CerebralVol        AbsGI FoldingLength FoldingNumber      Lambda       Delta  CrusVol_1_3
CerebellarVol      0.0073457562  0.006007423  0.007141209  0.008985287   0.005619397   0.005550811 -0.02888950  0.02740349  0.009463648
SurfaceArea        0.0060074233  0.005514330  0.006394974  0.009126399   0.005124310   0.005384843 -0.02957930  0.02799846  0.007964640
CerebralVol        0.0071412088  0.006394974  0.007490115  0.010292065   0.005925710   0.006221680 -0.03130009  0.03149515  0.009468003
AbsGI              0.0089852875  0.009126399  0.010292065  0.016993010   0.008313440   0.009002615 -0.04947731  0.05224799  0.012083355
FoldingLength      0.0056193968  0.005124310  0.005925710  0.008313440   0.004883383   0.004967639 -0.03346918  0.02510653  0.007262937
FoldingNumber      0.0055508106  0.005384843  0.006221680  0.009002615   0.004967639   0.005823034 -0.02903375  0.02868090  0.008036855
Lambda            -0.0288895007 -0.029579301 -0.031300090 -0.049477315  -0.033469178  -0.029033754  0.52596583 -0.14159892 -0.030551975
Delta              0.0274034915  0.027998456  0.031495153  0.052247989   0.025106532   0.028680904 -0.14159892  0.16731065  0.038566057
CrusVol_1_3        0.0094636478  0.007964640  0.009468003  0.012083355   0.007262937   0.008036855 -0.03055198  0.03856606  0.013606158
CerebroCerebellar  0.0003231386 -0.018399602 -0.017966544 -0.054445348  -0.014354469  -0.027514920  0.07019205 -0.17449808 -0.009438893
CerebellarCrus     0.0935900766  0.088346117  0.104709808  0.144161994   0.073154019   0.112224509 -0.04157556  0.52033773  0.182416140
                  CerebroCerebellar CerebellarCrus
CerebellarVol          0.0003231386     0.09359008
SurfaceArea           -0.0183996025     0.08834612
CerebralVol           -0.0179665440     0.10470981
AbsGI                 -0.0544453481     0.14416199
FoldingLength         -0.0143544694     0.07315402
FoldingNumber         -0.0275149203     0.11222451
Lambda                 0.0701920460    -0.04157556
Delta                 -0.1744980849     0.52033773
CrusVol_1_3           -0.0094388925     0.18241614
CerebroCerebellar      0.6435552189    -0.49716121
CerebellarCrus        -0.4971612105     3.93496026

Phenotypic trait variance-covariance
                  CerebellarVol   SurfaceArea   CerebralVol        AbsGI FoldingLength FoldingNumber       Lambda        Delta   CrusVol_1_3
CerebellarVol      0.0030468079  0.0008281834  0.0008910578  0.001930610  0.0008180645  0.0007653063 -0.006302164  0.003394232  0.0024085542
SurfaceArea        0.0008281834  0.0016277857  0.0018734728  0.003436319  0.0015114568  0.0013827646 -0.007377634  0.007759336  0.0007617583
CerebralVol        0.0008910578  0.0018734728  0.0023998655  0.002624585  0.0017644269  0.0014691206 -0.005007820  0.006284344  0.0008055315
AbsGI              0.0019306104  0.0034363189  0.0026245851  0.014720971  0.0030395363  0.0035024258 -0.034338240  0.031329431  0.0019011614
FoldingLength      0.0008180645  0.0015114568  0.0017644269  0.003039536  0.0014548867  0.0014040438 -0.007886389  0.005897787  0.0007956891
FoldingNumber      0.0007653063  0.0013827646  0.0014691206  0.003502426  0.0014040438  0.0020089517 -0.012919483  0.005667477  0.0009315119
Lambda            -0.0063021636 -0.0073776343 -0.0050078200 -0.034338240 -0.0078863885 -0.0129194827  0.134700252 -0.048979106 -0.0081705265
Delta              0.0033942321  0.0077593361  0.0062843438  0.031329431  0.0058977870  0.0056674770 -0.048979106  0.090526317  0.0029940066
CrusVol_1_3        0.0024085542  0.0007617583  0.0008055315  0.001901161  0.0007956891  0.0009315119 -0.008170527  0.002994007  0.0028521685
CerebroCerebellar  0.0850266578 -0.0407462383 -0.0586584625 -0.026525953 -0.0365857686 -0.0266265036 -0.051826163 -0.122145638  0.0597968111
CerebellarCrus    -0.0457624006 -0.0055678247 -0.0071803370 -0.003335802 -0.0022664433  0.0103560574 -0.123277227 -0.038528266  0.0302245537
                  CerebroCerebellar CerebellarCrus
CerebellarVol            0.08502666   -0.045762401
SurfaceArea             -0.04074624   -0.005567825
CerebralVol             -0.05865846   -0.007180337
AbsGI                   -0.02652595   -0.003335802
FoldingLength           -0.03658577   -0.002266443
FoldingNumber           -0.02662650    0.010356057
Lambda                  -0.05182616   -0.123277227
Delta                   -0.12214564   -0.038528266
CrusVol_1_3              0.05979681    0.030224554
CerebroCerebellar        5.70865103   -1.760632805
CerebellarCrus          -1.76063281    5.353924440

% variance explained by phylogeny
    CerebellarVol       SurfaceArea       CerebralVol             AbsGI     FoldingLength     FoldingNumber            Lambda 
         99.31014          99.40071          99.38337          97.62516          99.38045          99.07260          98.45521 
            Delta       CrusVol_1_3 CerebroCerebellar    CerebellarCrus 
         98.47722          99.55575          63.90273          90.61974 
Brownian motion model
